300 5 3 0.001
92.17420691191947 9.991608295748255 35.07822710738356 52.101091791770784 99.5879924718575
37.99623932590501 88.2481760908868 52.13182054551362 31.715798599622037 49.70134931893635
36.66473332250894 81.84042482001229 77.43902567863509 12.47878467179887 53.3937878468736
11.923394489579774 97.05378131060903 86.68099219055625 59.22159046111803 17.10235133507244
21.50123149184363 95.59592112482208 74.30713191251293 30.11066794358136 37.520690868986314
21.352165340105024 49.92508776578766 14.22771783464174 38.70470676585899 37.86232071143295
27.715660617156257 29.938394191641905 99.56339679890776 42.953467653838 83.42416588809148
5.5723294445994 89.57313919588643 88.74697204205472 56.4009347663596 67.52139270016588
38.678544003248504 74.31110620519303 12.146950637021403 7.767207320782255 27.42768117387221
52.96204461087927 28.509796428929757 98.23225888678809 37.76345234486031 82.2370979469726
76.79893598535392 1.8166089484158765 79.35247693627073 8.792587938018581 43.33697654579917
58.33728134134275 11.595735350457426 69.36025890892927 22.470385050416976 57.16606952352752
57.41835217037627 69.6985859626491 46.10425937686804 22.24231173543789 35.58360581880039
95.51080491445441 71.93463969924841 99.90535887515072 31.08345138056816 86.89916620557904
84.08372772870263 72.88068224903118 10.702157395300238 74.00588572587245 49.723242550991976
53.381174696334874 86.78528004870071 85.40933958903778 10.124413619867978 78.25358940243339
44.89154070472495 66.12815397628655 58.79181692700898 51.364553272831294 72.3963804170549
53.00366667978695 55.5070460628159 60.10014387609025 99.6484878884415 26.378087388403447
29.8246304908525 58.62039396683585 45.94994289478406 47.570724501281745 50.664586259703256
80.28836519625348 63.50492732008419 63.98954371060799 19.383023935102816 94.76207917471771
72.45945054538642 91.11942810038954 89.68252132486784 73.52949287265074 44.113965475027186
11.0733179945258 45.24617296703042 93.29052900979032 99.40879646501857 31.89289193765984
36.92244504998595 63.4967794578316 86.20503367918693 19.5824073510385 7.845130454674787
56.04388580236266 12.010187517970383 71.48085546187252 69.9568496516085 59.70944672686126
36.619123311186385 91.62358816796856 97.58430019773819 19.49262962960745 71.1577127747933
57.128124018364865 28.138212710314093 63.77714060152869 42.31475842129427 59.453476850623886
52.710095178225416 89.56458382755626 53.81630904488498 81.60771834021178 38.114043641622175
2.154253009056628 89.2118306461953 69.64397654472228 1.0841440192637108 17.63154993880036
63.068263429150484 81.77672088721188 3.9721004894014755 22.69153097977036 33.4606298335819
10.952839023112348 1.4674726096803203 63.79113715013436 50.948501638809965 93.9856156510553
25.795972663838807 27.40870732171713 81.07543648942526 51.02012206475543 74.82758562945972
66.81373675853186 32.9619274811888 26.174637906084996 76.13062894886964 29.36954424701502
72.83034441543074 19.05499355062732 89.22348953628223 37.930897609572554 24.703361073373042
58.24531979610208 9.812493862669069 4.734039586545801 55.87346307059832 6.6511455574636225
2.8896188005269496 59.587240601031866 31.004468775564874 26.19312705657988 40.86641471347057
30.52239467043192 5.226623527566964 27.748037199374508 70.53142162194364 96.35362606280334
4.4298991000705445 75.15280449785334 69.10289342660522 20.1811527657329 75.9005559645072
21.08896097535784 67.39073208275786 20.696442927881442 57.55719902276781 1.1541518470616463
3.1830710921646244 9.273549679792314 11.918669757970113 71.77643765045147 25.014900408371854
27.12329907305191 89.32863200805087 95.80507194592109 51.34326130418786 80.21528610971393
54.342480962028816 40.446003950327515 1.8639632724934518 90.36966640767209 44.50352177879153
98.30775653403532 16.16740587461386 75.3653091648213 68.0196545590243 3.167801375745971
40.74922587934219 98.15881122452343 38.60358015759735 33.248068420493794 76.53749396456874
56.554739232329354 89.27491437052855 55.88686251485301 77.28179515242884 81.81536991665318
66.15250488337723 38.0511899182971 81.69394349211134 13.079422204702107 86.48059639376257
53.14111312695856 95.59176371651958 31.508879571700945 84.6159803765047 81.80576387908903
4.011984246472533 36.64697277158068 51.906858997157144 65.6824709119566 63.34762110081885
66.71947745425254 27.56974997760674 27.607863633464003 85.00643798107636 33.713710410586486
48.61026622635528 4.260721115021671 40.97101974174866 21.292540357524803 29.72992694007105
5.426937655895547 77.55819635976091 26.221872832896942 58.44980958366439 66.27252248703003
14.714523834700389 12.936982581795341 21.596103952702027 28.55020500473514 53.55550979728913
60.95037094646138 88.33757368602531 87.2033994389827 33.846075740718554 79.768689639053
73.8246860001599 33.0909904554575 45.97890040829632 94.02621765644015 89.89430827114849
17.846389463202208 11.369629163663774 73.24133916958554 99.44629905606841 68.4495717767273
38.38931751237038 95.96015566830334 6.414644461329311 24.95154936380336 93.73480778621428
20.335941630281106 40.662956779050795 8.552351715571904 55.23989353410239 25.471303871209905
7.404095955330048 61.310130133931 24.951776862273633 95.89670381742708 30.334397214671228
16.25794917079687 61.656545034124136 73.63691232711165 96.17787395184212 10.590218985835131
14.302619001298 58.35272815175996 78.9348052967456 38.42655847109041 62.81840393537523
11.677681479681246 84.51782616810641 23.399639573090226 86.64820985077381 83.28077509831321
94.98597254096175 79.06112204682168 96.11264028125358 58.326022462531824 10.654906572571111
63.5936841883737 25.231586196191135 56.16800213014924 6.371379732833937 97.85537938618785
60.66141425645873 0.5843355365575897 30.05299548277096 86.92472340742178 35.407515358193145
51.644293323885016 80.03281456534219 3.8494118263922017 53.338429003260316 76.8310352239954
51.332729303075666 28.635341068909714 50.90490627417562 8.097995430148753 99.62826839617006
57.76511805241178 23.029531451214837 36.19124630471131 49.05595478690241 52.0446961970125
77.4815549561015 15.915065930206806 25.247154801060002 23.000960554405737 26.290175701736164
10.100951817052673 90.28800763328972 2.183212951017832 41.19083145492532 28.93795414179253
52.35267168700083 1.8058144921805463 52.39556661602956 33.158964267774905 40.65808483442982
2.157839729993871 31.06873415353768 38.41591779245211 78.96439312656362 37.409356872220954
12.53890229370852 26.08819492676364 31.50641048829709 25.569831938534705 98.5926792031353
98.37143192597219 73.39421894519543 39.76663757970136 85.41818158404115 0.711091236890915
55.99064499796012 56.019810652856684 80.8176791231585 56.47093878738384 11.911431998912537
5.944324805841128 53.882997370674836 21.88638096114056 39.517025527785734 67.57910147859505
48.26310767684488 77.40285211151075 63.63786879984643 60.49288161808395 33.383928048217506
44.61669609110709 74.78892243119257 80.92024172746297 4.290457506910849 66.04306897558376
33.78717457528618 9.858266915945224 90.13210609061919 59.924827543590276 19.207691721741725
47.43445312183654 93.93510610801512 66.2635391536926 58.944680722502966 23.687045179015264
83.78259542495861 98.82968208409294 12.173963764265183 42.126197773860326 3.5261828173359877
92.36804854571159 18.34287722711039 99.04464881356358 32.21338232795616 69.94685522080788
61.35858994604302 41.08033727547229 95.20409408632396 63.93550725384169 7.477624113931358
4.137678865515504 45.55732608263621 58.77190675067653 20.998653046484804 33.62843293656
12.852775757750157 50.400852211347015 52.443396399944945 21.609495935655232 53.02988649435034
90.23723718235742 55.16071739663728 57.4846023139427 5.945328874379474 59.059068013004755
43.827195024668754 75.75630034526426 7.281305626414136 55.017775755935595 46.560019505899255
12.808652062719151 51.5295581005185 86.82743992238875 58.78658252953031 82.53818403859124
77.46490906537898 6.407185579764585 42.70425058374998 62.53169838827057 5.445672071700802
88.48735493762481 19.401806019237412 49.44228956174991 81.98735419259185 2.926254220192881
29.55232022284099 84.2634126717843 45.2090469885282 67.61019368932297 0.6423358618538044
46.033585475932995 67.23131336367284 19.157668065594248 79.96024869754842 3.9939857964206738
56.11595018438725 46.604666790994386 90.56328471174167 31.858477447848266 15.72442394889756
18.607367070330806 15.460078735438698 55.77477034456793 43.55180358312638 57.55833706054877
83.05070960894783 51.181062471414386 60.00640762461282 79.8629968776746 32.415014769018335
54.74684800639833 66.5192858148427 88.62443602925578 20.1568690011385 73.15590514493607
24.374834560669576 16.64290673841977 97.30805977677164 49.84434876648584 43.48120840079434
43.677845734726205 23.0569976111063 83.89200326518691 39.260790248505586 49.90004615647935
75.75390430560705 32.11156858727639 13.124202496898397 49.404365090568916 77.99610172597647
86.21349264028213 44.92627549621739 45.961651772629985 29.50398565717194 93.19486353203493
79.82026979784868 19.108515995662245 30.416523603982494 17.86925378467267 32.89380834194262
85.88695878826466 65.4517350532649 51.019955302332946 22.579500411040176 77.25500520594237
8.665372877562715 78.76143885083336 71.34263002075959 67.50224136251335 79.07519250255164
82.20261832172119 90.11101553580001 86.65375672684489 85.87107308952852 68.91649717803972
41.25120319563168 68.42161823848268 79.2824604599557 26.238185885630894 26.7456900657701
63.82118462667354 8.459664858791294 8.548059376289563 99.67080837617574 15.244592889240295
32.96587631491702 23.83776175426513 63.689644078049554 54.492928200459986 7.301986908199288
3.4989074303935497 91.04947461936536 18.557894373533866 61.42854475923688 19.116365320185025
26.18763483454707 79.01976960449055 88.03049100556962 15.227884114771761 21.996501929386437
1.7673524813441976 71.11558684895597 3.3995293381338554 25.900057989284175 15.268813796638748
95.91356321568294 19.624237209432426 1.7539300903039678 59.20277756811478 10.971325251229903
99.37166283849209 33.02318830592084 72.68886599384126 83.7640759282655 23.015939981106428
12.257457376024794 10.486722554246752 97.15129591786011 54.548214164619566 83.27654900295987
19.21335242752027 51.93956696240689 35.11786655282011 8.889324328197468 93.57372647893867
84.90412610414067 65.42496665423543 83.19940215401249 55.28308475106476 56.12008972419728
62.84828288608024 32.54164794782272 28.94445521271797 0.1804047250724028 28.830655070949074
54.28730706578555 56.454292215425994 62.38171700541976 55.56317612619821 2.1937578986110373
66.30302654732704 91.18840375338128 13.398611248649173 31.232292193613375 20.800616171480403
0.2756914675975386 43.30591987678335 83.91007619642046 73.55626642630932 37.756831573937546
62.60579559488184 68.7375895974028 17.098359559602972 7.092331607243018 96.094738520866
95.593149864981 77.68712780969376 91.13045435719933 20.64008366219381 1.9025395264647749
62.05418492751412 14.391061980181675 11.493825004187041 74.20157241561385 31.977992290256985
42.985577521166775 27.676997911762168 82.50551518193737 72.65782402675643 91.04458325993238
15.312416774495707 77.41353575838332 90.73894595041666 20.664023404385233 9.511422170229855
42.360579890658855 33.380474827606264 94.54083101089608 92.17756212107385 37.7211378276481
59.679849031764874 49.853553322684476 69.08789534416843 11.288042748416716 92.96144732471717
1.6404148592061407 18.356066841815455 44.77713803710396 52.13628820701414 43.37854809279822
33.28121702570059 44.97034213395421 84.68827899228764 80.40935255087693 99.16896979343225
27.804035566699937 50.05551705476079 86.33387879501905 75.53923865237057 16.79781624558958
3.8023315771909094 49.4254419998137 88.15271203576654 82.44015660325233 12.307288886365896
27.46988765101034 17.37835837185471 13.713953816500513 85.02039774573582 61.33000036965763
20.636218798777595 95.36085076716228 40.897690178582316 28.535960659527614 48.31357350320632
5.9807578389817095 43.30313247527984 7.945299193122224 10.237371530231943 34.68646980270075
59.46921568964483 84.21074980966276 28.884734492931173 21.069330046345424 7.056070894916832
97.30036841464862 36.11567489664412 79.06783226003643 42.882088865897074 82.15773850540131
97.15271448152738 90.47171750546931 55.927766806783175 93.52279978766877 37.629984586444344
4.598904912911128 62.87605584032773 58.3276688547637 39.36153990001499 23.14417466350438
59.05644782688037 34.10298453324215 32.445152358192416 64.11220304841827 86.53693757185036
25.823790419261726 15.150295320261996 37.78501389732587 67.67948422823697 65.76104258541777
57.89341971245264 13.009084136747074 42.391890039978165 81.01791472018277 45.58290639142408
39.233491490315394 23.45656340551383 72.91014237101177 97.03066374058358 13.746716545683446
49.43606899785491 89.74819722641618 65.3430960227255 76.77929368016046 64.45806892680355
79.08630295678246 63.75036230490281 83.45919627417092 13.256740873672346 80.5398545900318
90.45012736725819 27.745273928195722 74.51841663426173 2.3250205168746096 92.35371390891278
58.418407580612644 44.66947117265936 48.72777418915063 34.66200489636635 56.549146898041755
44.78204110192971 46.427531571925485 75.20736645099043 55.34883279450137 65.60946682356685
94.08447377556146 21.961139716537083 91.50450242549823 41.90837791910509 64.37711174437666
38.2915472329754 51.991830620500714 30.084704132272368 20.687332951717785 57.1760380820306
11.122682487951641 63.10704650540594 27.627771771822406 38.447686316020565 68.88448360362082
75.54956742642412 30.083867508236896 11.792371144158864 17.697660439994955 13.34582826442432
47.75743943917842 93.34342777902258 83.99104610790127 35.27954887747756 65.16445376701094
52.60276718713386 83.2778304916142 10.558625179541782 1.7074951302091246 9.042996174983454
24.64850153989946 32.09744942384598 69.73898246344125 63.6801922860157 66.20159362480284
11.043850672159328 46.318549769491014 38.915000280589894 78.10448055567943 15.764970535677525
27.072159513438944 90.88504999146065 79.0072193833403 51.00712357399752 72.10051181622028
4.27748166708144 7.481004828721183 21.020021707072356 70.3606145615012 30.68063318744584
69.56583612643055 96.55404326571909 82.15163548360565 51.13086032904165 63.884159422316024
78.36595268752879 20.646001956035942 77.29751484106535 44.21809613635354 36.511024316505
12.645180009671297 52.287248648219354 36.11797573385851 42.86638315525588 94.8396654724885
64.3507122468343 61.30887277694368 96.98510301723758 70.83169154516132 94.31677230830114
83.7866901471438 28.665071047892255 99.68357704019488 81.55286859664494 2.947248570844785
92.20024551590747 98.89296814168105 58.13771626810173 64.5022184307719 40.04558249458942
79.82194766449065 50.414831353150205 38.0659855718572 68.9655128380904 25.06977243009644
90.1830143883798 55.210796441455045 5.7657383446019335 20.744062215767745 79.36150107018433
40.353193114451756 8.401834916005502 50.60774559570572 50.63679995949705 52.03975012595079
33.32152270567187 3.781612916681232 67.49166342755237 50.46029381561667 42.23125978322301
40.15589360078248 39.674875355444414 98.0756827012669 3.82373088395912 92.6583955347784
42.12551234889717 70.91491066131167 86.20918449473344 23.671069336943784 90.5385298225817
72.8639553012845 0.0966158767105485 70.35492555469975 91.86960261577768 8.023255669404428
0.33507341636294097 0.643476524293829 81.0030022732319 18.31755250876509 35.355266298352305
16.629578165249235 26.304531737067517 64.97222281063303 23.526762057153572 14.31787515508799
8.977538397765827 96.28719294592817 50.56235898971565 28.56048023113562 88.17647894050047
90.47271456668796 38.71305297749763 91.55816219823666 1.6370188535431374 7.550487758144387
67.46664228471808 48.74677409427791 30.09107571484716 20.26146659564031 93.41821963504586
91.58612921897713 27.5356136968427 15.478912822743895 41.53577951129965 94.73241714459081
64.3490927807029 33.45548581733162 71.56863568023411 97.10169040192737 20.534019944673854
29.59810981092129 2.1814685252125487 91.54332803770086 5.2978582515138655 50.569697437720116
49.694849186139 59.88013473671578 84.12687300263855 84.19807067951264 7.290897960682441
57.824984204967656 5.929694826095011 15.85016494961099 82.09595082776917 36.503708109159064
81.01379202140699 12.301821614691555 86.63182957210184 28.63119281919363 5.671466712529583
38.283865447238675 38.934413468280674 89.44287962634141 63.336106118049116 75.21189862425278
64.73730049819834 74.83109121717352 38.488761271091555 94.10620884297086 73.532782690449
18.593280239866473 74.94542404662558 3.36101549808121 4.193048569192371 69.54382637987196
17.682262124821 23.24030246322679 4.249988116700731 49.583597765502866 70.98423979299156
56.75133371360801 7.077952274454125 64.18627105494599 72.77651983044174 98.06181061622489
95.65281217013025 22.597468227179863 5.364050101115403 29.34874864057797 42.193507554511875
75.7982120274911 60.25585787940244 30.664466982374826 28.866228840153386 73.33885257025372
4.253350916714993 11.127738182257662 3.97973119351851 57.584528366593524 99.8790242447236
84.10238939647711 90.8710383593551 66.81950180449061 73.42454407808773 20.487576443729505
83.64134274793139 4.168935823400465 49.73413725087801 60.08224866943003 2.5621527582539105
54.569033158625366 99.11689091245327 52.161414770756984 88.06399364620042 95.62758930052676
6.466029382104621 64.48873071205811 42.11809068851371 83.40606111898127 97.05142264758447
11.790926577274297 20.15310892096126 0.7335138816255138 27.235398189602854 13.53840813710574
40.6132203081118 70.32634208405538 10.301521808658487 49.299036087840385 61.17571054568144
70.32060481316394 36.21856865375812 76.08610337481817 40.681341758944235 94.83694560719667
33.279411248574974 4.636420927148743 35.44152307002444 99.9898625600876 51.87699652850056
52.47557085229565 68.62666512635141 3.6554703469589 21.500876721306106 20.05800162792677
58.67071969346897 58.01778620297213 73.30995005776396 34.31870677514999 31.62899611683447
26.60081956170005 50.39330390856903 82.07969857049201 30.284127650169424 88.86105961134014
69.72067114123732 23.23703655731074 27.540777528558802 25.428327333963672 6.028561109403108
15.146475540260907 90.97744943021156 76.55076084906266 84.61954358986098 80.51704458717798
19.252476329414094 60.21555806923514 49.37789449819775 63.13264828252697 92.11285034520303
99.30530962775322 66.10867863349323 31.634490091090218 3.6338733544910684 47.398620275987014
16.393600884496873 68.69886029414508 62.280622511936365 56.59273245666139 58.68630853571726
36.68540216836538 46.905547014912216 46.74175800244685 12.910679543296876 72.24141308796634
6.283479206027131 1.5277145120110913 43.84534269779709 40.001615467008854 91.02094825798042
7.076078389918394 98.7223478773762 47.35935402994915 46.579216603215954 27.549804507124055
14.542306876240474 65.55378994455194 0.4907039880239661 52.59571656971499 96.69269240488171
31.41243221316107 12.424150524056078 29.51218574292246 85.21270352454371 52.817772528301745
26.54040329938908 65.20223723347462 61.8642449483901 12.785113349847943 59.54636012694549
55.70540392752578 5.586857302119396 41.4320737485929 41.05033152901848 95.45271771848059
34.23071266087445 5.988959968871144 63.0204830137328 23.079697365390317 25.15575389979511
89.08938460494892 2.707668085250492 91.54334529393321 37.4373081354226 89.60038127128665
45.1437044353887 2.672965024514884 3.052190072842065 32.43790631032433 25.555246082311466
9.701306299116808 52.166573542782935 75.41964973090751 2.659135041767513 83.61783846036762
11.03334431648274 78.03383927825209 81.14296784423497 99.70581109876557 65.18720619558721
89.54888709561924 14.849710489716216 1.2947370278817094 40.33082793082511 11.99959223182102
87.41521804220325 8.620175681226838 66.34626576934407 95.9128877515991 66.68306455095538
31.972864552403934 12.749582240553082 40.004788191624165 9.880696288705126 56.736395318371734
14.25170795610794 59.26185074544588 44.790151583209756 92.34160172764412 90.92848382712964
27.957334607728313 5.872704997396482 45.42448918224039 59.52804428964603 22.44307320742912
89.29507166946435 93.91388627143058 33.177978878051064 89.81006247636567 40.62167536372387
33.27067970170248 43.25151063648632 77.46607609184196 70.78291009106333 78.19181763479659
4.604627594325517 88.0328153303572 88.35035325750768 28.56856357531604 30.04444841449584
19.756460313950942 32.431370520018824 97.49171796987184 15.0403764797592 78.2042072474032
90.41889141427151 63.33352374081682 20.624438279625757 89.35974560820948 78.30137495033894
52.68957556488719 39.492547632991695 11.53517216528953 67.26513052710604 28.354255657430006
22.87330855846451 33.86432916810467 28.940947400399473 14.210653558654007 2.090693072409744
94.44896960400469 50.831182915943195 93.00130406596504 88.95060383754671 38.092649757996064
54.984310311593134 13.813080583126558 89.16832662897012 67.71716886343519 10.907694084169961
95.2127072347549 68.80648984671616 55.70788442640263 38.002125140306944 1.9903234947614257
68.82011909312476 46.470254061847484 86.08056238452845 91.07522806088836 48.775527054653104
91.48812971171981 44.97889911002512 24.78126616063253 89.41957690213513 55.027558359511744
5.425038868097676 44.42440636624331 78.37367598618906 0.7183889057413739 22.099661964033267
48.17476573311615 27.776744659140242 53.6866757294146 22.68641400840736 89.64616559840624
18.269253000841644 54.9794016868098 96.11364337346406 87.59111368693772 53.36738967279713
85.58133862335806 38.92386640672486 74.12202089648338 71.56034228252506 91.88236908950216
43.3613769406391 80.84176917618566 19.426852213706013 90.90401263210961 0.6057241966913818
61.83774444458573 34.50123661023628 17.03306700769833 32.83666896363292 34.26185814974085
35.74017448327646 19.699384200991854 77.49513663496708 70.25759747354235 77.05348007634902
46.80424968558776 91.4356877684212 43.57519831080897 11.15867361333651 91.20635284456894
60.96916624137394 69.77563254817318 8.724194889282987 5.750449081352627 95.06805261466313
45.05978332934232 92.73879014384802 13.7427463657109 52.685924995345076 30.607121094692047
18.935447834600115 18.486408107412988 76.32198818730743 1.1519452320551404 15.948993013982637
68.58653744960314 30.442983281680235 25.556827619628976 22.852940498638898 48.62985909530011
13.575650791139182 3.2032966679328867 83.65970606432627 56.865456759891266 52.65886863306465
31.342046672083658 14.821174492835897 16.35454818887413 42.27713530028875 83.08506205027987
41.99842436688157 57.03627894191865 92.53709097924168 18.77558164834665 91.11622859377944
73.48537703969008 52.18750024820454 22.39485546737543 32.2613181516172 33.56910423149952
4.068238695646875 84.03536302312095 18.94849041465062 2.5592346650986753 62.96899594723146
47.13851770199844 91.28770198007842 92.3687856564771 69.64345825333065 38.137922494493736
96.86625381205309 81.87779435170042 78.22108020911779 47.10629528730913 8.424832058192532
46.374460391974516 53.410956799792864 4.665570084947546 45.986334576082164 63.25639494441281
50.26515811754946 0.1486051093755436 52.04418641656928 16.799012706312144 53.46174407409312
81.0539641612207 0.5317283055156441 36.101092147719406 93.30155691193845 97.56251244383701
33.127101871110156 92.76002749920653 70.70865260983396 13.498545706863363 21.863616458070258
28.857456302523733 72.71269979873647 42.2375690818522 39.36208450843077 63.482810014310274
73.03302935508317 69.1646475753553 91.03284561000636 37.51386131168084 74.84605077662728
27.64331956218663 72.86437948301561 48.497253197303955 90.57824719576108 54.95154204911462
62.59963338465041 85.45884418233705 56.2355740752944 89.57890204403144 92.32286866048248
58.74900200334759 26.552449876193542 82.4160533009973 37.09424582733665 64.8240490939884
51.488567350471136 45.83215228403357 66.50379786362018 47.15527461426142 27.583169192232916
31.814548668593112 87.17353231231336 18.77774533450135 40.920558974524276 7.467522712817088
49.60965919617455 53.61962469135978 81.75776519535322 82.5838473160452 78.17843705310482
89.65207384382563 8.425285526547487 19.74060310188962 53.49633006827326 92.73232821205103
36.80321636844598 14.226276042161178 60.927946203697324 73.67484756849758 3.5738806114738564
49.7484422558758 68.15477664299524 67.61763502489121 5.41601435959731 30.714150680709405
98.70731473628953 72.01932243499309 77.24917420381212 5.929184322116232 73.490474509162
1.1832483912709413 8.046898477923058 40.139889098235614 51.64219148781147 18.071064401647195
9.198334256929053 71.8800284321888 48.692832938873146 91.5138577907414 36.42636557801061
66.34156937531836 99.10157966806636 52.02260758009503 91.99946493659365 62.93763108997782
99.91245160032551 15.125937645211096 96.31574306556664 52.557806652383995 65.74600977416036
71.44767464466597 7.220088525406521 36.24716307524297 5.7133757752371945 99.5634917126017
3.690784153292115 95.26459569394137 35.412414209702504 14.716729041347222 83.90637113090426
84.37981428174388 63.126080917548144 28.643234446230036 6.236454834128047 98.3505091180555
93.75049693424936 1.9326324856817956 70.26904929090631 43.453600131355955 2.209777006005309
54.09183370441467 77.32600923661718 14.893897888484343 78.84363728690731 62.19880540669768
12.103891039171444 7.321205682725951 35.663925986298764 80.8395879051581 76.46157891466243
39.73044305116329 14.411246878289862 5.16466606027115 58.57026956573975 53.88628953886481
91.8479046781173 28.596342388338925 10.742477812808415 96.70559353309723 68.39436012559702
6.068766095430133 7.866690093579765 38.275962855890114 80.29167458241483 24.121919228007872
17.007676461569986 94.15708642429345 24.22099302311218 13.389209813969261 93.31040385144243
81.38655294506107 20.923658308799276 90.31046232931192 1.4592676742000266 77.6710906458868
5.409953838180792 81.43423998461721 71.0471538287262 14.399871054860192 73.47938076360481
73.84261703653362 86.3096245930979 48.14701733484416 92.66142735823007 24.309905234429017
80.27221854471493 12.947748902527746 42.111773018426035 23.24663694019978 5.076942879849233
7.619721530662327 76.06731626560813 70.54218283176773 19.64798241183894 17.293314327417498
35.2201466618707 87.91314257595457 58.095528040768166 77.93517170574452 27.685976002996515
5.542584680568597 13.033071977737665 70.4088602318349 29.850990924996935 24.844478655177017
0.5731855195433733 78.1515641987919 97.55311461970639 59.265927354610426 60.14535194540949
39.96525923917373 28.90303737775095 51.015423595916786 66.42235430627092 31.530437147469147
13.152327940052288 92.17521776825872 27.701808146181296 7.4431107677811355 82.5943801060458
5.3991886182759625 88.73351964274732 99.54443285256028 95.55567715666061 10.701281384482142
11.457426237357582 9.045302577475011 95.95210670116883 95.19940466826016 82.63002717369345
38.278355853136134 52.18943058013284 16.950850769107063 59.766727949156405 54.83030347434129
13.817181445770144 35.53187759040944 15.489566133724974 30.557675546553554 96.87299284442558
3.2627880330059145 85.18741143767296 52.987428327737675 92.17906481522134 86.09523088888888
48.15236882911077 71.38224420487853 79.90119301168536 43.87963713384059 81.72054590786031
24.903594014949824 28.95655359450936 7.4631221601162645 75.63462077974917 1.2037518542844294
22.05770020123382 91.72226233204977 74.87506957157876 37.136147036650705 76.54586495686692
55.67141604938457 98.38023107778345 96.47264306366347 72.01263882427516 64.51224078184589
65.98547657413788 36.67392566070632 3.7733034365503015 38.00103563091395 13.260074189315086
